0 0 0 0 0 0 
90 90 90 0 0 0 
40 50 45 0 0 0 
90 0 45 45 0 0 
180 90 0 0 0 0 
0 0 0 45 0 0 
0 90 0 0 0 0 
0 90 45 0 0 0 
180 90 45 0 0 0 
0 0 0 0 0 0 
90 90 90 0 0 0 
40 50 45 0 0 0 
90 0 45 45 0 0 
180 40 0 0 0 0 
0 0 0 45 0 0 
0 90 90 0 0 0 
0 90 45 0 0 0 
180 90 45 0 0 0 
180 1 -46 0 0 0 
180 2 -47 0 0 0 
180 3 -48 0 0 0 
180 4 -49 0 0 0 
180 5 -50 0 0 0 
180 6 -51 0 0 0 
180 7 -52 0 0 0 
180 8 -53 0 0 0 
180 9 -54 0 0 0 
180 10 -55 0 0 0 
180 14 -59 0 0 0 
180 15 -60 0 0 0 
180 16 -61 0 0 0 
180 17 -62 0 0 0 
180 18 -63 0 0 0 
180 19 -64 0 0 0 
180 20 -65 0 0 0 
180 21 -66 0 0 0 
180 17 -62 0 0 0 
180 18 -63 0 0 0 
180 19 -64 0 0 0 
180 20 -65 0 0 0 
180 21 -66 0 0 0 
180 22 -67 0 0 0 
180 23 -68 0 0 0 
180 24 -69 0 0 0 
180 25 -70 0 0 0 
180 26 -71 0 0 0 
180 27 -72 0 0 0 
180 28 -73 0 0 0 
180 29 -74 0 0 0 
180 30 -75 0 0 0 
180 31 -76 0 0 0 
180 32 -77 0 0 0 
180 33 -78 0 0 0 
180 34 -79 0 0 0 
180 35 -90 0 0 0 
