0 0 -45 0 0 0 
0 1 -46 0 0 0 
0 2 -47 0 0 0 
0 3 -48 0 0 0 
0 4 -49 0 0 0 
0 5 -50 0 0 0 
0 6 -51 0 0 0 
180 7 -52 0 0 0 
0 8 -53 0 0 0 
0 9 -54 0 0 0 
0 10 -55 0 0 0 
0 14 -59 0 0 0 
0 15 -60 0 0 0 
0 16 -61 0 0 0 
0 17 -62 0 0 0 
0 18 -63 0 0 0 
0 19 -64 0 0 0 
0 20 -65 0 0 0 
0 21 -66 0 0 0 
0 17 -62 0 0 0 
0 18 -63 0 0 0 
0 19 -64 0 0 0 
0 20 -65 0 0 0 
0 21 -66 0 0 0 
0 22 -67 0 0 0 
0 23 -68 0 0 0 
0 24 -69 0 0 0 
0 25 -70 0 0 0 
0 26 -71 0 0 0 
0 27 -72 0 0 0 
0 28 -73 0 0 0 
0 29 -74 0 0 0 
0 30 -75 0 0 0 
0 31 -76 0 0 0 
0 32 -77 0 0 0 
0 33 -78 0 0 0 
0 34 -79 0 0 0 
0 35 -90 0 0 0 
0 36 -91 0 0 0 
0 37 -92 0 0 0 
0 38 -93 0 0 0 
0 39 -94 0 0 0 
0 39 -95 0 0 0 
0 41 -105 0 0 0 
0 41 -105 0 0 0 
0 41 -105 0 0 0 
